13000170004
13000170005
13000170006
13000170007
13000170008
13000170009
13000170010
13000170011
13000170012
13000170013
13000170014
13000170015
13000170016
13000170017
13000170018
13000170019
13000170020
13000170021
13000170022
13000170023
13000170024
13000170025
13000170026
13000170027
13000170028
13000170029
13000170030
13000170031
13000170032
13000170033
13000170034
13000170035
13000170036
13000170037
13000170038
13000170039
13000170040
13000170041
13000170042
13000170043
13000170044
13000170045
13000170046
13000170047
13000170048
13000170049
13000170050
13000170051
13000170052
13000170053
13000170054
13000170055
13000170056
13000170057
13000170058
13000170059
13000170060
13000170061
13000170062
13000170063
13000170064
13000170065
13000170066
13000170067
13000170068
13000170069
13000170070
13000170071
13000170072
13000170073
13000170074
13000170075
13000170076
13000170077
13000170078
13000170079
13000170080
13000170081
13000170082
13000170083
13000170084
13000170085
13000170086
13000170087
13000170088
13000170089
13000170090
13000170091
13000170092
13000170093
13000170094
